7
9
0.000000 0.000000 0.000000 0.333333 0.333333 0.333333 -0.000000 
0.000000 0.000000 0.000000 0.500000 0.500000 -0.000000 -0.000000 
0.000000 0.200000 0.400000 0.000000 0.200000 0.200000 0.000000 
-0.000000 0.250000 0.500000 -0.000000 0.250000 0.000000 0.000000 
0.000000 -0.000000 -0.000000 -0.000000 -0.000000 -0.000000 1.000000 
0.000000 0.000000 1.000000 0.000000 0.000000 0.000000 0.000000 
-0.000000 0.500000 0.500000 0.000000 0.000000 0.000000 0.000000 
-0.000000 -0.000000 -0.000000 0.000000 0.000000 0.000000 0.000000 
0.333333 0.333333 0.333333 0.000000 0.000000 0.000000 0.000000 
9
0
1
2
3
4
5
7
8
9
