7
1
0.066667 0.200000 0.333333 0.066667 0.133333 0.066667 0.066667 
8
10
-100.000000 0.000000 0.000000 0.000000 0.000000 0.000000 0.000000 0.000000
0.000000 0.000000 0.000000 -100.000000 0.000000 0.000000 0.000000 0.000000
0.000000 0.000000 0.000000 0.000000 0.000000 -100.000000 0.000000 0.000000
0.000000 0.000000 0.000000 0.000000 0.000000 0.000000 -100.000000 0.000000
100.000000 100.000000 100.000000 100.000000 100.000000 100.000000 100.000000 -100.000000
0.000000 100.000000 -100.000000 -100.000000 100.000000 0.000000 0.000000 0.000000
100.000000 -100.000000 0.000000 100.000000 -100.000000 0.000000 0.000000 0.000000
100.000000 -100.000000 0.000000 -100.000000 100.000000 0.000000 0.000000 0.000000
0.000000 0.000000 0.000000 0.000000 -100.000000 100.000000 0.000000 0.000000
0.000000 0.000000 0.000000 100.000000 -100.000000 0.000000 0.000000 0.000000
