10
1
0.018666 0.002467 0.002467 0.002467 0.002467 0.002467 0.579558 0.002467 0.258783 0.125726 
11
16
100.000000 100.000000 100.000000 100.000000 100.000000 100.000000 100.000000 100.000000 100.000000 100.000000 -100.000000
0.000000 -100.000000 0.000000 0.000000 0.000000 0.000000 0.000000 0.000000 0.000000 0.000000 0.000000
0.000000 0.000000 -100.000000 0.000000 0.000000 0.000000 0.000000 0.000000 0.000000 0.000000 0.000000
0.000000 0.000000 0.000000 -100.000000 0.000000 0.000000 0.000000 0.000000 0.000000 0.000000 0.000000
0.000000 0.000000 0.000000 0.000000 -100.000000 0.000000 0.000000 0.000000 0.000000 0.000000 0.000000
0.000000 0.000000 0.000000 0.000000 0.000000 -100.000000 0.000000 0.000000 0.000000 0.000000 0.000000
0.000000 0.000000 0.000000 0.000000 0.000000 0.000000 0.000000 -100.000000 0.000000 0.000000 0.000000
-66.165418 0.000000 0.000000 66.165418 0.000000 0.000000 7.491118 0.032836 -34.060807 -5.293233 0.000000
-63.869759 0.000000 0.000000 0.000000 63.869759 0.000000 10.746053 0.000000 -41.543113 0.000000 0.000000
-57.599762 0.000000 0.000000 0.000000 0.000000 57.599762 14.034659 -0.142927 -28.749794 -48.383800 0.000000
-59.746279 0.000000 59.746279 0.000000 0.000000 0.000000 11.148255 -0.237206 -14.754733 -50.186874 0.000000
0.000000 0.000000 0.000000 0.000000 0.000000 0.000000 14.667770 -0.462963 13.790255 -97.951371 0.000000
-65.167252 65.167252 0.000000 0.000000 0.000000 0.000000 17.760467 -0.323411 -34.113640 -5.213380 0.000000
0.000000 0.000000 0.000000 0.000000 0.000000 0.000000 42.372331 -0.388782 -65.396488 -62.671634 0.000000
0.000000 0.000000 0.000000 0.000000 0.000000 0.000000 37.149320 -0.148425 -92.843449 0.000000 0.000000
0.000000 0.000000 0.000000 0.000000 0.000000 0.000000 -42.687538 0.721799 63.235887 64.641129 0.000000
